255 255 255 255 255 255 255 255 255 255 255 255 255 255 255 255
255 235 183 183 183 186 255 255 243 251 186 183 183 183 235 255
255 183  56 120 120   8 229 184 181 228   8 120 120  56 183 255
255 183 120 145  88   8 236 135 121 231   8  88 145 120 183 255
255 183 120  88   0   8 208  24  17 205   8   0  88 120 183 255
255 186   8   8   8  16 255 155 113 240  16   8   8   8 186 255
255 239 225 218 246 253 211 255 246 252 201 246 199 229 255 255
255 212 126 120 144 147  56 213 170 158   5 144 104 129 226 255
255 225 129 105  16 106  80 170  92 102 150 168 240 157 214 255
255 244 226 213 199 238 177 121 183 218  62 224  50  40 194 255
255 186   8   8   8  16 253 150  49 216   8 215   0 131 253 255
255 183 120  88   0   8 199   0 115 242 216 215  14 133 244 255
255 183 120 145  88   8 218  52 137 181  90 215  58  78 183 255
255 183  56 120 120   8 225 126 106 124 120 215  47  64 183 255
255 235 183 183 183 186 239 212 212 239 186 244 208 217 235 255
255 255 255 255 255 255 255 255 255 255 255 255 255 255 255 255
255 255 255 255 255 255 255 255 255 255 255 255 255 255 255 255
255 235 183 183 183 186 255 255 243 251 186 183 183 183 235 255
255 183  56 120 120   8 229 184 181 228   8 120 120  56 183 255
255 183 120 145  88   8 236 135 121 231   8  88 145 120 183 255
255 183 120  88   0   8 208  24  17 205   8   0  88 120 183 255
255 186   8   8   8  16 255 155 113 240  16   8   8   8 186 255
255 239 225 218 246 253 211 255 246 252 201 246 199 229 255 255
255 212 126 120 144 147  56 213 170 158   5 144 104 129 226 255
255 225 129 105  16 106  80 170  92 102 150 168 240 157 214 255
255 244 226 213 199 238 177 121 183 218  62 224  50  40 194 255
255 186   8   8   8  16 253 150  49 216   8 215   0 131 253 255
255 183 120  88   0   8 199   0 115 242 216 215  14 133 244 255
255 183 120 145  88   8 218  52 137 181  90 215  58  78 183 255
255 183  56 120 120   8 225 126 106 124 120 215  47  64 183 255
255 235 183 183 183 186 239 212 212 239 186 244 208 217 235 255
255 255 255 255 255 255 255 255 255 255 255 255 255 255 255 255
255 255 255 255 255 255 255 255 255 255 255 255 255 255 255 255
255 235 183 183 183 186 255 255 243 251 186 183 183 183 235 255
255 183  56 120 120   8 229 184 181 228   8 120 120  56 183 255
255 183 120 145  88   8 236 135 121 231   8  88 145 120 183 255
255 183 120  88   0   8 208  24  17 205   8   0  88 120 183 255
255 186   8   8   8  16 255 155 113 240  16   8   8   8 186 255
255 239 225 218 246 253 211 255 246 252 201 246 199 229 255 255
255 212 126 120 144 147  56 213 170 158   5 144 104 129 226 255
255 225 129 105  16 106  80 170  92 102 150 168 240 157 214 255
255 244 226 213 199 238 177 121 183 218  62 224  50  40 194 255
255 186   8   8   8  16 253 150  49 216   8 215   0 131 253 255
255 183 120  88   0   8 199   0 115 242 216 215  14 133 244 255
255 183 120 145  88   8 218  52 137 181  90 215  58  78 183 255
255 183  56 120 120   8 225 126 106 124 120 215  47  64 183 255
255 235 183 183 183 186 239 212 212 239 186 244 208 217 235 255
255 255 255 255 255 255 255 255 255 255 255 255 255 255 255 255

255 255 255 255 255 255 255 255 255 255 255 255 255 255 255 255
255 235 183 183 183 186 255 226 214 194 253 244 183 183 235 255
255 183  56 120 120   8 229 129 157  40 131 133  78  64 217 255
255 183 120 145  88   8 199 104 240  50   0  14  58  47 208 255
255 183 120  88   0   8 246 144 168 224 215 215 215 215 244 255
255 186   8   8   8  16 201   5 150  62   8 216  90 120 186 255
255 251 228 231 205 240 252 158 102 218 216 242 181 124 239 255
255 243 181 121  17 113 246 170  92 183  49 115 137 106 212 255
255 255 184 135  24 155 255 213 170 121 150   0  52 126 212 255
255 255 229 236 208 255 211  56  80 177 253 199 218 225 239 255
255 186   8   8   8  16 253 147 106 238  16   8   8   8 186 255
255 183 120  88   0   8 246 144  16 199   8   0  88 120 183 255
255 183 120 145  88   8 218 120 105 213   8  88 145 120 183 255
255 183  56 120 120   8 225 126 129 226   8 120 120  56 183 255
255 235 183 183 183 186 239 212 225 244 186 183 183 183 235 255
255 255 255 255 255 255 255 255 255 255 255 255 255 255 255 255
255 255 255 255 255 255 255 255 255 255 255 255 255 255 255 255
255 235 183 183 183 186 255 226 214 194 253 244 183 183 235 255
255 183  56 120 120   8 229 129 157  40 131 133  78  64 217 255
255 183 120 145  88   8 199 104 240  50   0  14  58  47 208 255
255 183 120  88   0   8 246 144 168 224 215 215 215 215 244 255
255 186   8   8   8  16 201   5 150  62   8 216  90 120 186 255
255 251 228 231 205 240 252 158 102 218 216 242 181 124 239 255
255 243 181 121  17 113 246 170  92 183  49 115 137 106 212 255
255 255 184 135  24 155 255 213 170 121 150   0  52 126 212 255
255 255 229 236 208 255 211  56  80 177 253 199 218 225 239 255
255 186   8   8   8  16 253 147 106 238  16   8   8   8 186 255
255 183 120  88   0   8 246 144  16 199   8   0  88 120 183 255
255 183 120 145  88   8 218 120 105 213   8  88 145 120 183 255
255 183  56 120 120   8 225 126 129 226   8 120 120  56 183 255
255 235 183 183 183 186 239 212 225 244 186 183 183 183 235 255
255 255 255 255 255 255 255 255 255 255 255 255 255 255 255 255
255 255 255 255 255 255 255 255 255 255 255 255 255 255 255 255
255 235 183 183 183 186 255 226 214 194 253 244 183 183 235 255
255 183  56 120 120   8 229 129 157  40 131 133  78  64 217 255
255 183 120 145  88   8 199 104 240  50   0  14  58  47 208 255
255 183 120  88   0   8 246 144 168 224 215 215 215 215 244 255
255 186   8   8   8  16 201   5 150  62   8 216  90 120 186 255
255 251 228 231 205 240 252 158 102 218 216 242 181 124 239 255
255 243 181 121  17 113 246 170  92 183  49 115 137 106 212 255
255 255 184 135  24 155 255 213 170 121 150   0  52 126 212 255
255 255 229 236 208 255 211  56  80 177 253 199 218 225 239 255
255 186   8   8   8  16 253 147 106 238  16   8   8   8 186 255
255 183 120  88   0   8 246 144  16 199   8   0  88 120 183 255
255 183 120 145  88   8 218 120 105 213   8  88 145 120 183 255
255 183  56 120 120   8 225 126 129 226   8 120 120  56 183 255
255 235 183 183 183 186 239 212 225 244 186 183 183 183 235 255
255 255 255 255 255 255 255 255 255 255 255 255 255 255 255 255

255 254 254 254 254 254 254 254 254 254 254 254 254 254 254 255
254 236 223 215 233 199 220 209 207 230 187 194 194 191 236 254
254 205 141 127 179 131 132 119 140 200  61 126 121  99 199 254
254 210 126  91 186 128 202 138 114 222  70 103  85 110 201 254
254 225 121  83 174 130 208 111  37 172  70 116  99 114 201 254
254 220 112  88 209  71 218 109 131 219  52  98  98  77 197 254
254 189  46  76 171  72 161 149 100 160 203 182 194 220 244 254
254 210 131 190 119  97  80  84 120  81  76  36 102 138 227 254
254 211  90  78 112  52 137 146 177  79 101 106 113  98 211 254
254 235 180 171 221 209 234 230 247 227 196 199 216 192 232 254
254 187  60  68  68  51 200  90 114 198  40  68  68  55 193 254
254 194 126 103 116  95 177  33  75 210  70 122 106 116 201 254
254 194 122  85  99  95 190  70  71 183  70 106  88 111 201 254
254 191  99 110 114  75 201 145 121 181  56 116 111  91 197 254
254 235 198 201 201 196 240 236 233 237 193 201 201 197 237 254
255 254 254 254 254 254 254 254 254 254 254 254 254 254 254 254
255 254 254 254 254 254 254 254 254 254 254 254 254 254 254 255
254 236 223 215 233 199 220 209 207 230 187 194 194 191 236 254
254 205 141 127 179 131 132 119 140 200  61 126 121  99 199 254
254 210 126  91 186 128 202 138 114 222  70 103  85 110 201 254
254 225 121  83 174 130 208 111  37 172  70 116  99 114 201 254
254 220 112  88 209  71 218 109 131 219  52  98  98  77 197 254
254 189  46  76 171  72 161 149 100 160 203 182 194 220 244 254
254 210 131 190 119  97  80  84 120  81  76  36 102 138 227 254
254 211  90  78 112  52 137 146 177  79 101 106 113  98 211 254
254 235 180 171 221 209 234 230 247 227 196 199 216 192 232 254
254 187  60  68  68  51 200  90 114 198  40  68  68  55 193 254
254 194 126 103 116  95 177  33  75 210  70 122 106 116 201 254
254 194 122  85  99  95 190  70  71 183  70 106  88 111 201 254
254 191  99 110 114  75 201 145 121 181  56 116 111  91 197 254
254 235 198 201 201 196 240 236 233 237 193 201 201 197 237 254
255 254 254 254 254 254 254 254 254 254 254 254 254 254 254 254
255 254 254 254 254 254 254 254 254 254 254 254 254 254 254 255
254 236 223 215 233 199 220 209 207 230 187 194 194 191 236 254
254 205 141 127 179 131 132 119 140 200  61 126 121  99 199 254
254 210 126  91 186 128 202 138 114 222  70 103  85 110 201 254
254 225 121  83 174 130 208 111  37 172  70 116  99 114 201 254
254 220 112  88 209  71 218 109 131 219  52  98  98  77 197 254
254 189  46  76 171  72 161 149 100 160 203 182 194 220 244 254
254 210 131 190 119  97  80  84 120  81  76  36 102 138 227 254
254 211  90  78 112  52 137 146 177  79 101 106 113  98 211 254
254 235 180 171 221 209 234 230 247 227 196 199 216 192 232 254
254 187  60  68  68  51 200  90 114 198  40  68  68  55 193 254
254 194 126 103 116  95 177  33  75 210  70 122 106 116 201 254
254 194 122  85  99  95 190  70  71 183  70 106  88 111 201 254
254 191  99 110 114  75 201 145 121 181  56 116 111  91 197 254
254 235 198 201 201 196 240 236 233 237 193 201 201 197 237 254
255 254 254 254 254 254 254 254 254 254 254 254 254 254 254 254

255 255 254 254 254 254 255 255 254 255 254 254 254 254 255 255
255 236 194 196 196 189 245 224 209 229 189 196 196 192 234 255
254 197  99 114 117  73 224 138  98 189  61 119 113  96 192 254
254 200 118  86  94  94 197 101 115 212  73 105  82 113 196 254
254 200 124 109 117  94 188  35 101 197  72 126 105 119 196 254
254 195  66  75  74  53 206  80  96 196  50  75  74  62 189 254
255 231 197 220 168 218 157  87  82 224 199 207 181 176 235 255
255 213 139 115  41 130 104 119 174 247 115  71  71 121 232 255
255 212 117 141 115 109 149  85 142 227  99  34  71 140 233 255
255 225 135 198 213 224 165  83 133 234 204 183 195 205 240 255
254 203 128 128 126  66  65 103  47 203  52  91  91  71 189 254
255 234 178 182 172 207 168 128 108 218  73 117  94 117 196 254
255 220 131  95  83  89  69 189  82 165  72 109  86 114 196 254
255 225 140 126 125 119  43 131  94 178  65 124 118  99 193 254
255 240 209 215 227 225 194 215 215 237 195 200 200 197 236 255
255 255 255 255 255 255 254 255 255 255 254 254 254 254 255 255
255 255 254 254 254 254 255 255 254 255 254 254 254 254 255 255
255 236 194 196 196 189 245 224 209 229 189 196 196 192 234 255
254 197  99 114 117  73 224 138  98 189  61 119 113  96 192 254
254 200 118  86  94  94 197 101 115 212  73 105  82 113 196 254
254 200 124 109 117  94 188  35 101 197  72 126 105 119 196 254
254 195  66  75  74  53 206  80  96 196  50  75  74  62 189 254
255 231 197 220 168 218 157  87  82 224 199 207 181 176 235 255
255 213 139 115  41 130 104 119 174 247 115  71  71 121 232 255
255 212 117 141 115 109 149  85 142 227  99  34  71 140 233 255
255 225 135 198 213 224 165  83 133 234 204 183 195 205 240 255
254 203 128 128 126  66  65 103  47 203  52  91  91  71 189 254
255 234 178 182 172 207 168 128 108 218  73 117  94 117 196 254
255 220 131  95  83  89  69 189  82 165  72 109  86 114 196 254
255 225 140 126 125 119  43 131  94 178  65 124 118  99 193 254
255 240 209 215 227 225 194 215 215 237 195 200 200 197 236 255
255 255 255 255 255 255 254 255 255 255 254 254 254 254 255 255
255 255 254 254 254 254 255 255 254 255 254 254 254 254 255 255
255 236 194 196 196 189 245 224 209 229 189 196 196 192 234 255
254 197  99 114 117  73 224 138  98 189  61 119 113  96 192 254
254 200 118  86  94  94 197 101 115 212  73 105  82 113 196 254
254 200 124 109 117  94 188  35 101 197  72 126 105 119 196 254
254 195  66  75  74  53 206  80  96 196  50  75  74  62 189 254
255 231 197 220 168 218 157  87  82 224 199 207 181 176 235 255
255 213 139 115  41 130 104 119 174 247 115  71  71 121 232 255
255 212 117 141 115 109 149  85 142 227  99  34  71 140 233 255
255 225 135 198 213 224 165  83 133 234 204 183 195 205 240 255
254 203 128 128 126  66  65 103  47 203  52  91  91  71 189 254
255 234 178 182 172 207 168 128 108 218  73 117  94 117 196 254
255 220 131  95  83  89  69 189  82 165  72 109  86 114 196 254
255 225 140 126 125 119  43 131  94 178  65 124 118  99 193 254
255 240 209 215 227 225 194 215 215 237 195 200 200 197 236 255
255 255 255 255 255 255 254 255 255 255 254 254 254 254 255 255
